4294967279,88
4294967278,277
4294967278,357
4294967279,409
4294967279,124
4294967279,115
4294967279,111
4294967279,95
4294967279,260
4294967279,87
4294967279,86
4294967279,85
4294967279,83
4294967279,75
4294967279,70
1053,10
1053,0
1053,9
1053,8
1053,7
4294967279,146
1050,10
1050,0
1050,9
1050,8
1068,6
1068,5
1068,4
1068,3
1068,2
1068,1
4294967294,467
1065,4
1065,3
1065,2
1065,1
4294967294,925
1064,6
1064,5
1064,4
1064,3
1064,2
1064,1
4294967279,422
1061,4
1061,3
1061,2
1061,1
1060,4
1060,3
1060,2
1060,1
4294967279,315
1059,6
1059,5
1059,4
1059,3
1059,2
1059,1
1056,6
1056,5
1056,4
1056,3
1056,2
1056,1
4294967279,312
1053,6
1053,5
1053,4
1053,3
1053,2
1053,1
4294967278,372
4294967278,366
4294967294,167
4294967294,464
4294967294,385
4294967279,390
4294967279,413
4294967279,145
1050,7
1050,6
1050,5
1050,4
1050,3
1050,2
1050,1
4294967279,321
4294967279,332
1047,4
1047,3
1047,2
1047,1
1046,4
1046,3
1046,2
1046,1
4294967278,238
1045,5
1045,4
1045,3
1045,2
1045,1
4294967294,1356
1043,4
4294967279,222
1043,3
1043,2
1043,1
1042,4
1042,3
1042,2
1042,1
1041,4
1041,3
1041,2
1041,1
4294967278,291
4294967278,359
4294967279,406
4294967294,463
4294967294,184
4294967279,405
4294967278,381
4294967278,380
4294967278,362
4294967279,404
4294967278,379
4294967279,174
4294967278,345
4294967294,75
4294967294,175
4294967294,183
4294967294,174
4294967294,1354
4294967294,535
4294967279,403
4294967294,963
4294967294,923
4294967294,908
4294967294,182
4294967278,378
1025,10
1025,0
1025,9
1025,8
1025,7
4294967279,218
4294967279,216
1022,10
1022,0
4294967278,183
1022,9
1022,8
4294967279,170
4294967279,155
4294967279,154
4294967278,376
4294967279,264
4294967279,343
4294967279,401
1040,6
1040,5
1040,4
1040,3
1040,2
1040,1
4294967278,374
4294967279,214
4294967278,202
4294967279,202
4294967294,474
1037,4
4294967278,196
1037,3
1037,2
1037,1
4294967279,192
4294967279,290
1036,6
1036,5
1036,4
1036,2
1036,1
4294967279,181
4294967278,166
1033,4
1033,3
1033,2
1033,1
1032,4
1032,3
1032,2
1032,1
4294967278,323
4294967278,153
1031,6
1031,5
1031,4
1031,2
1031,1
4294967294,458
4294967278,371
4294967278,270
4294967278,370
4294967278,261
4294967279,263
1028,6
1028,5
1028,4
1028,3
1028,2
1028,1
4294967278,250
4294967278,246
4294967294,912
4294967294,917
1025,6
4294967278,222
1025,5
1025,4
4294967278,220
1025,2
1025,1
4294967279,295
4294967279,207
4294967279,206
4294967278,204
4294967278,201
4294967279,204
4294967279,203
4294967278,200
4294967279,201
4294967278,197
4294967294,452
4294967279,194
4294967278,192
4294967279,193
4294967278,191
4294967278,189
1022,7
4294967279,190
1022,6
4294967278,188
1022,5
4294967279,189
1022,4
4294967278,187
1022,2
1022,1
4294967278,369
4294967278,179
4294967278,178
4294967278,173
4294967294,473
4294967278,168
4294967278,167
4294967278,162
4294967279,163
1019,4
4294967279,162
1019,3
1019,2
1019,1
4294967279,161
1018,4
1018,3
1018,2
1018,1
4294967279,156
4294967278,152
4294967279,152
4294967278,151
4294967279,151
4294967278,150
4294967279,150
1017,5
1017,4
1017,2
1017,1
4294967278,143
4294967279,305
4294967279,144
1015,4
1015,3
1015,2
1015,1
1014,4
1014,3
1014,2
1014,1
1013,4
1013,3
1013,2
1013,1
4294967294,389
4294967278,546
4294967278,530
4294967278,340
4294967279,314
4294967279,320
4294967279,84
4294967279,73
4294967279,311
4294967279,317
1012,6
4294967278,363
4294967279,344
4294967279,255
4294967279,250
1012,5
4294967278,253
1012,4
4294967279,253
1012,3
1012,2
1012,1
4294967278,252
4294967279,249
1010,6
4294967279,224
1010,5
1010,4
1010,2
1010,1
4294967278,361
1007,7
1007,6
1007,5
1007,4
1007,2
1007,1
4294967294,169
4294967278,344
4294967279,294
1004,4
1004,3
1004,2
1004,1
1003,4
1003,3
1003,2
1003,1
4294967278,358
4294967278,149
1002,5
1002,4
1002,2
1002,1
4294967279,385
1000,4
1000,3
1000,2
1000,1
4294967279,291
999,4
999,3
999,2
999,1
4294967279,384
4294967278,330
4294967279,309
4294967279,319
4294967279,268
4294967279,307
4294967278,347
4294967279,296
4294967279,387
4294967278,350
4294967279,303
4294967278,349
4294967279,308
4294967279,306
4294967278,337
4294967279,282
4294967278,55
4294967278,48
4294967278,47
4294967278,46
4294967278,45
4294967278,44
4294967278,42
4294967278,37
4294967278,36
4294967278,31
4294967278,29
4294967278,28
4294967278,26
4294967278,19
4294967278,12
4294967278,11
4294967279,132
4294967279,304
4294967278,352
984,10
984,0
984,9
4294967278,269
984,8
984,7
4294967279,271
981,10
981,0
981,9
981,8
998,6
998,5
998,4
998,3
998,2
998,1
4294967294,417
995,4
995,3
995,2
995,1
994,6
994,5
994,4
994,2
994,1
4294967278,364
4294967279,233
991,4
991,3
991,2
991,1
990,4
990,3
990,2
990,1
989,6
989,5
989,4
989,2
989,1
4294967278,353
4294967278,331
4294967279,392
986,5
986,4
986,3
986,2
986,1
4294967279,231
4294967279,324
4294967278,341
4294967279,137
4294967279,274
984,6
984,5
984,4
984,2
984,1
4294967278,268
4294967279,272
4294967279,221
4294967279,258
4294967279,349
4294967279,376
981,7
4294967278,248
981,6
981,5
981,4
981,2
981,1
4294967278,244
4294967278,230
4294967278,211
978,4
978,3
978,2
978,1
977,4
977,3
977,2
977,1
4294967279,283
4294967278,570
976,5
976,4
976,2
976,1
4294967279,261
4294967278,569
974,4
974,3
974,2
974,1
973,4
973,3
973,2
973,1
4294967294,409
4294967294,386
4294967294,421
4294967294,394
4294967294,116
4294967279,302
4294967278,554
4294967278,139
4294967279,139
4294967279,279
4294967278,290
4294967278,247
4294967278,287
4294967279,270
4294967278,266
4294967294,14
4294967294,126
4294967294,20
4294967294,13
4294967294,104
4294967294,106
4294967294,166
4294967294,24
4294967279,266
4294967278,263
4294967279,265
4294967294,190
4294967278,325
4294967279,301
4294967294,920
4294967294,162
958,10
958,0
958,9
958,8
958,7
955,10
955,0
955,9
955,8
4294967279,220
4294967278,209
4294967279,172
972,6
972,5
972,4
972,3
972,2
972,1
969,4
969,3
969,2
969,1
4294967278,334
968,6
968,5
968,4
968,2
968,1
4294967294,176
965,4
965,3
965,2
965,1
4294967279,412
964,4
964,3
964,2
964,1
963,6
963,5
963,4
963,2
963,1
4294967278,324
4294967294,112
4294967278,212
4294967278,206
4294967278,205
4294967278,329
4294967278,328
960,5
960,4
960,3
960,2
960,1
4294967279,188
4294967278,182
958,6
958,5
958,4
958,2
958,1
4294967278,321
4294967279,300
4294967278,137
955,7
955,6
955,5
955,4
955,2
955,1
4294967278,322
4294967279,298
4294967278,565
4294967279,229
4294967294,450
4294967294,457
4294967294,164
4294967294,448
4294967294,415
952,4
952,3
952,2
952,1
951,4
951,3
951,2
951,1
4294967279,219
4294967279,297
4294967278,549
950,5
950,4
950,2
950,1
948,4
948,3
948,2
948,1
947,4
947,3
947,2
947,1
4294967294,926
4294967294,954
4294967294,914
4294967278,575
4294967279,367
4294967278,574
4294967279,293
4294967279,370
4294967279,292
4294967278,573
4294967279,299
4294967278,336
4294967279,289
4294967278,327
4294967279,223
4294967279,288
4294967278,131
4294967278,130
4294967278,129
4294967278,128
4294967278,127
4294967278,124
4294967278,123
4294967278,524
4294967278,118
4294967278,117
4294967278,116
4294967278,115
4294967278,114
4294967278,113
4294967278,110
4294967278,109
4294967278,108
4294967278,107
4294967278,104
4294967278,103
4294967278,102
4294967278,101
4294967278,100
4294967278,98
4294967278,95
4294967278,94
4294967278,93
4294967278,90
4294967278,86
4294967278,85
4294967278,84
4294967278,83
4294967278,82
4294967278,81
4294967278,80
4294967278,77
4294967278,75
4294967278,74
4294967278,73
4294967278,71
4294967278,66
4294967278,65
4294967278,64
4294967278,63
4294967278,62
4294967278,61
4294967278,58
4294967278,57
4294967278,56
4294967278,41
4294967279,359
4294967279,81
4294967279,381
4294967279,76
4294967279,74
4294967279,72
4294967279,68
4294967279,66
4294967279,64
4294967279,63
4294967279,62
4294967279,60
4294967279,57
4294967279,53
4294967279,52
4294967279,31
4294967279,28
4294967279,27
4294967279,26
4294967279,25
4294967279,22
4294967279,21
4294967279,18
4294967279,17
4294967279,16
4294967279,15
4294967279,14
4294967279,13
4294967279,34
4294967294,11
4294967294,68
932,10
932,0
932,9
932,8
932,7
929,10
929,0
929,9
929,8
4294967279,217
946,6
946,5
946,4
946,3
946,2
946,1
4294967279,215
943,4
943,3
943,2
943,1
4294967279,281
4294967278,568
4294967279,375
942,6
942,5
942,4
942,3
942,2
942,1
4294967279,278
4294967278,558
4294967278,567
4294967294,400
4294967294,953
4294967294,398
4294967294,406
4294967294,416
4294967294,160
4294967294,468
939,4
939,3
939,2
939,1
938,4
938,3
938,2
938,1
4294967278,566
937,6
937,5
937,4
937,3
937,2
937,1
934,5
934,4
934,3
934,2
934,1
4294967279,408
4294967279,382
932,6
932,5
932,4
932,3
932,2
932,1
4294967278,561
4294967279,256
4294967294,113
4294967294,118
4294967279,383
4294967278,560
929,7
929,6
929,5
929,4
929,3
929,2
929,1
4294967279,420
4294967279,415
4294967279,380
4294967278,545
4294967278,351
4294967278,158
4294967278,157
926,4
926,3
926,2
926,1
925,4
925,3
925,2
925,1
4294967279,257
924,5
924,4
924,2
924,1
4294967279,379
922,4
922,3
922,2
922,1
4294967278,245
921,4
921,3
921,2
921,1
4294967294,960
4294967294,396
4294967294,451
4294967294,413
4294967294,108
4294967279,65
4294967279,29
909,10
909,0
909,9
4294967278,180
909,8
909,7
906,10
906,0
906,9
906,8
4294967279,238
4294967278,237
4294967279,237
4294967278,236
4294967279,236
4294967278,234
4294967278,214
4294967279,209
4294967279,200
4294967279,198
4294967278,186
4294967279,168
920,4
920,3
920,2
920,1
4294967278,559
919,6
919,5
919,4
919,3
919,2
919,1
4294967279,373
4294967279,2
4294967278,557
4294967279,372
916,4
916,3
916,2
916,1
915,4
915,3
915,2
915,1
4294967279,277
914,6
914,5
914,4
914,2
914,1
4294967279,371
4294967278,533
4294967278,242
4294967279,240
4294967278,333
4294967278,375
911,5
911,4
911,3
911,2
911,1
4294967278,332
4294967294,962
4294967279,339
4294967278,216
4294967279,280
4294967278,213
4294967278,547
4294967278,516
909,6
909,5
909,4
909,3
909,2
909,1
4294967279,199
4294967278,383
4294967278,198
4294967278,514
4294967278,523
4294967278,181
4294967279,369
4294967278,176
4294967278,555
906,7
906,6
906,5
906,4
906,3
906,2
906,1
4294967279,171
4294967279,167
4294967294,179
4294967294,404
4294967294,189
4294967279,368
4294967294,918
4294967294,185
4294967294,906
4294967278,544
903,4
903,3
903,2
903,1
902,4
902,3
902,2
902,1
4294967279,141
4294967294,115
4294967278,279
4294967279,366
901,5
901,4
901,2
901,1
4294967279,286
899,4
899,3
899,2
899,1
4294967278,526
898,4
898,3
898,2
898,1
4294967278,292
4294967279,356
4294967278,262
4294967294,1357
4294967278,120
4294967278,99
4294967278,92
4294967278,91
4294967278,89
4294967278,529
4294967278,272
4294967279,82
4294967279,77
4294967279,0
4294967279,347
4294967279,276
4294967278,316
4294967278,518
887,10
887,0
4294967279,187
887,9
887,8
887,7
884,10
884,0
884,9
884,8
4294967279,212
4294967279,169
4294967279,365
897,6
897,5
897,4
4294967278,156
897,3
897,2
897,1
4294967278,552
4294967279,364
894,4
894,3
894,2
894,1
893,4
893,3
893,2
893,1
892,6
892,5
892,4
892,2
892,1
4294967294,405
4294967294,422
4294967278,534
4294967279,254
4294967279,244
4294967279,242
4294967278,551
4294967279,232
4294967278,226
889,5
889,4
889,3
889,2
889,1
4294967278,267
4294967279,361
4294967279,360
4294967278,207
4294967279,208
887,6
4294967278,203
887,5
887,4
887,3
887,2
887,1
4294967278,256
4294967278,550
884,7
884,6
884,5
884,4
884,3
884,2
884,1
4294967278,548
4294967278,160
4294967294,180
881,4
881,3
